     #Energy up_8&11&14& dw_8&11&14& up_55&58&64 dw_55&58&64
   -10.48026     0.00000     0.00000     0.00000     0.00000
   -10.41326     0.00000     0.00000     0.00000     0.00000
   -10.34526     0.00000     0.00000     0.00000     0.00000
   -10.27826     0.00000     0.00000     0.00000     0.00000
   -10.21026     0.00000     0.00000     0.00000     0.00000
   -10.14326     0.00000     0.00000     0.00000     0.00000
   -10.07626     0.00000     0.00000     0.00000     0.00000
   -10.00826     0.00000     0.00000     0.00000     0.00000
    -9.94126     0.00000     0.00000     0.00000     0.00000
    -9.87426     0.00000     0.00000     0.00000     0.00000
    -9.80626     0.00000     0.00000     0.00000     0.00000
    -9.73926     0.00000     0.00000     0.00000     0.00000
    -9.67126     0.00000     0.00000     0.00000     0.00000
    -9.60426     0.00000     0.00000     0.00000     0.00000
    -9.53726     0.00000     0.00000     0.00000     0.00000
    -9.46926     0.00000     0.00000     0.00000     0.00000
    -9.40226     0.00000     0.00000     0.00000     0.00000
    -9.33526     0.00000     0.00000     0.00000     0.00000
    -9.26726     0.00000     0.00000     0.00000     0.00000
    -9.20026     0.00000     0.00000     0.00000     0.00000
    -9.13326     0.00000     0.00000     0.00000     0.00000
    -9.06526     0.00000     0.00000     0.00000     0.00000
    -8.99826     0.00000     0.00000     0.00000     0.00000
    -8.93026     0.00000     0.00000     0.00000     0.00000
    -8.86326     0.00000     0.00000     0.00000     0.00000
    -8.79626     0.00000     0.00000     0.00000     0.00000
    -8.72826     0.00000     0.00000     0.00000     0.00000
    -8.66126     0.00000     0.00000     0.00000     0.00000
    -8.59426     0.00000     0.00000     0.00000     0.00000
    -8.52626     0.00000     0.00000     0.00000     0.00000
    -8.45926     0.00007     0.00000     0.00002     0.00000
    -8.39126     0.00033    -0.00017     0.00012    -0.00004
    -8.32426     0.00063    -0.00048     0.00024    -0.00011
    -8.25726     0.00086    -0.00072     0.00032    -0.00017
    -8.18926     0.00110    -0.00096     0.00042    -0.00023
    -8.12226     0.00135    -0.00121     0.00051    -0.00028
    -8.05526     0.00322    -0.00147     0.00123    -0.00035
    -7.98726     0.00078    -0.00204     0.00030    -0.00047
    -7.92026     0.00036     0.00000     0.00014     0.00000
    -7.85326     0.00123    -0.00049     0.00049    -0.00011
    -7.78526     0.00216    -0.00144     0.00085    -0.00033
    -7.71826     0.00314    -0.00246     0.00124    -0.00056
    -7.65026     0.00417    -0.00353     0.00164    -0.00080
    -7.58326     0.00300    -0.00466     0.00119    -0.00105
    -7.51626     0.00617    -0.00303     0.00248    -0.00068
    -7.44826     0.00749    -0.00599     0.00300    -0.00131
    -7.38126     0.00886    -0.00713     0.00353    -0.00156
    -7.31426     0.01253    -0.00831     0.00486    -0.00181
    -7.24626     0.01018    -0.01097     0.00393    -0.00242
    -7.17926     0.00761    -0.00873     0.00295    -0.00191
    -7.11126     0.00794    -0.00680     0.00308    -0.00147
    -7.04426     0.00892    -0.00771     0.00344    -0.00167
    -6.97726     0.00445    -0.00805     0.00147    -0.00168
    -6.90926     0.02402    -0.00368     0.00945    -0.00077
    -6.84226     0.05809    -0.02498     0.02448    -0.00560
    -6.77526     0.02230    -0.04931     0.00994    -0.01096
    -6.70726     0.02018    -0.02090     0.00900    -0.00476
    -6.64026     0.01668    -0.01919     0.00736    -0.00441
    -6.57326     0.01384    -0.01506     0.00590    -0.00353
    -6.50526     0.01735    -0.01285     0.00737    -0.00307
    -6.43826     0.02361    -0.01419     0.01009    -0.00339
    -6.37026     0.03001    -0.01852     0.01290    -0.00437
    -6.30326     0.02371    -0.02414     0.01038    -0.00565
    -6.23626     0.02968    -0.01871     0.01318    -0.00432
    -6.16826     0.08739    -0.02401     0.04032    -0.00551
    -6.10126     0.11222    -0.09535     0.05224    -0.02032
    -6.03426     0.05306    -0.07271     0.02517    -0.01532
    -5.96626     0.03653    -0.10677     0.01742    -0.02238
    -5.89926     0.02050    -0.04348     0.00982    -0.00924
    -5.83126     0.00499    -0.02724     0.00239    -0.00581
    -5.76426     0.00000    -0.01160     0.00000    -0.00249
    -5.69726     0.16527    -0.00033     0.08542    -0.00007
    -5.62926     0.14327    -0.02065     0.07522    -0.00495
    -5.56226     0.12789    -0.07711     0.06880    -0.01706
    -5.49526     0.14003    -0.12133     0.07696    -0.02590
    -5.42726     0.27954    -0.10537     0.15399    -0.02232
    -5.36026     0.34020    -0.09692     0.19082    -0.02023
    -5.29326     0.16621    -0.21238     0.09751    -0.04346
    -5.22526     0.20284    -0.22965     0.14050    -0.04624
    -5.15826     0.64561    -0.26934     0.38784    -0.05381
    -5.09026     0.06932    -0.24748     0.03809    -0.04923
    -5.02326     0.26510    -0.03843     0.16463    -0.00742
    -4.95626     0.54862    -0.58653     0.38963    -0.11230
    -4.88826     0.32872    -0.16912     0.28807    -0.03058
    -4.82126     1.97536    -0.01434     1.30220    -0.00247
    -4.75426     1.18193    -0.01681     0.86099    -0.00292
    -4.68626     1.36417    -0.26038     0.93054    -0.04458
    -4.61926     0.39486    -0.69685     0.30988    -0.12504
    -4.55126     0.95470    -0.16001     0.72440    -0.03129
    -4.48426     1.60132    -0.15922     1.34666    -0.02801
    -4.41726     1.64820    -1.93203     1.39320    -0.33377
    -4.34926     2.01555    -0.61390     1.60476    -0.10674
    -4.28226     3.36989    -0.91523     2.55345    -0.14198
    -4.21526     2.91684    -0.93659     2.45257    -0.14397
    -4.14726     5.30475    -0.76517     3.97742    -0.11801
    -4.08026     5.35440    -1.75267     3.86886    -0.31232
    -4.01326     4.50701    -0.66459     3.05310    -0.10839
    -3.94526     4.33863    -1.18316     2.88375    -0.17958
    -3.87826     4.19054    -1.05966     2.60318    -0.16748
    -3.81026     6.59931    -2.09865     5.91170    -0.30202
    -3.74326     7.16758    -1.78112     6.47690    -0.26023
    -3.67626     8.59540    -3.13184     6.76420    -0.54131
    -3.60826     7.99975     0.00000     6.89120     0.00000
    -3.54126     7.10535    -2.74916     5.02960    -0.28264
    -3.47426     6.75046    -2.98297     5.37600    -0.37367
    -3.40626     6.20856    -6.19576     3.08220    -0.75873
    -3.33926     4.22524    -5.34320     2.43030    -0.67040
    -3.27126     1.59722    -5.21759     0.50107    -0.45358
    -3.20426     5.68607    -7.47202     4.10930    -0.80401
    -3.13726     5.52172    -5.58629     3.06152    -0.63019
    -3.06926     9.42726    -4.87928     4.77780    -0.61197
    -3.00226     5.90538    -8.33624     3.48436    -1.06759
    -2.93526     5.55280    -3.60696     3.46150    -0.48924
    -2.86726    10.60085    -4.63935     5.52550    -0.46373
    -2.80026     4.00119    -9.92294     2.50035    -1.06337
    -2.73326     6.89335   -11.62372     3.64922    -1.16718
    -2.66526     9.07918   -14.77117     4.61380    -1.61071
    -2.59826    17.11170    -8.86494     7.30720    -0.82352
    -2.53026    10.94956    -5.96910     4.52870    -0.55436
    -2.46326    18.47574    -8.78680     6.88780    -0.99661
    -2.39626    16.67522    -6.05205     5.04610    -0.59289
    -2.32826    11.89186   -11.52153     2.31014    -1.10930
    -2.26126    27.06010    -7.32459     3.98260    -0.68654
    -2.19426    16.32820   -11.70469     2.24484    -1.12935
    -2.12626    19.47980   -12.20615     2.14721    -0.86149
    -2.05926    26.35600    -6.29318     2.17356    -0.58267
    -1.99126    20.44540    -8.20665     1.99069    -0.55454
    -1.92426    16.98470   -14.66070     1.82062    -0.78139
    -1.85726    11.85112   -18.17573     1.71970    -1.24796
    -1.78926    17.90140   -22.10530     2.35646    -1.19594
    -1.72226    19.94300   -23.29920     1.85888    -1.45081
    -1.65526    20.38550    -8.85051     1.83833    -0.60180
    -1.58726    11.74033   -18.98960     1.37399    -1.33765
    -1.52026    16.45340   -30.28020     2.10918    -2.01725
    -1.45326     9.77530   -17.07636     1.76414    -0.91061
    -1.38526    20.03810   -27.87670     3.37821    -2.10508
    -1.31826    13.83830   -27.29710     1.96877    -2.14134
    -1.25026    23.61350   -23.43400     2.56378    -2.28812
    -1.18326    28.95730   -25.50860     2.74920    -2.48067
    -1.11626    26.12240   -19.83960     1.92333    -2.56647
    -1.04826    19.33750   -16.56813     1.71012    -2.09054
    -0.98126    18.70390   -15.22660     1.99431    -2.45582
    -0.91426    29.16650   -12.42895     2.69217    -1.82194
    -0.84626    23.04926   -15.21964     1.45804    -1.42361
    -0.77926    16.77346   -11.99561     1.09740    -1.45407
    -0.71126    48.37590   -15.93734     3.07329    -1.83487
    -0.64426    32.50400   -13.63427     1.87383    -1.50159
    -0.57726    21.57010   -16.15739     1.59225    -1.67272
    -0.50926    12.08097   -18.05070     1.05088    -1.71942
    -0.44226     2.75222   -16.68558     0.21391    -1.62720
    -0.37526     2.70566   -25.58330     0.21793    -1.99469
    -0.30726     2.05785   -27.38170     0.15852    -2.05156
    -0.24026     1.63730    -3.06859     0.13960    -0.46000
    -0.17326     1.33794   -25.56300     0.12899    -2.66143
    -0.10526     2.07447    -9.86116     0.20426    -1.00396
    -0.03826     1.11676   -10.68828     0.11975    -0.97066
     0.02974     1.36784   -16.18115     0.15218    -1.73898
     0.09674     1.59004   -20.60291     0.19195    -2.93918
     0.16374     1.40891   -13.47058     0.13473    -2.46066
     0.23174     0.83775   -10.21285     0.09141    -3.51130
     0.29874     0.98418    -3.92156     0.11422    -1.61275
     0.36574     0.64188    -7.69853     0.08489    -5.06420
     0.43374     1.40133    -8.79741     0.22704    -7.57505
     0.50074     1.32908    -5.23172     0.21369    -6.06410
     0.56874     1.08329    -3.06024     0.16682    -3.76639
     0.63574     1.06062    -2.35002     0.15637    -3.64609
     0.70274     0.99580    -3.76089     0.14203    -6.59090
     0.77074     1.50509    -9.34454     0.23282   -14.01440
     0.83774     1.30837    -4.41698     0.20732    -6.96830
     0.90474     1.46204    -4.60484     0.21617    -6.81360
     0.97274     1.30214    -5.16512     0.19009    -7.54190
     1.03974     0.71830    -3.34552     0.11146    -4.94800
     1.10674     0.25011    -2.96829     0.02572    -4.31420
     1.17474     0.29647    -2.43643     0.03366    -3.48275
     1.24174     0.38271    -1.70494     0.04876    -2.43647
     1.30974     0.29456    -1.49131     0.03902    -1.70167
     1.37674     0.28564    -2.19938     0.03929    -2.91752
     1.44374     0.38827    -2.93533     0.05509    -3.66995
     1.51174     0.67751    -1.41535     0.09959    -1.58956
     1.57874     1.05325    -1.18826     0.16897    -1.37998
     1.64574     2.33575    -1.25879     0.47570    -1.57325
     1.71374     1.06305    -1.41574     0.19911    -1.45070
     1.78074     1.90935    -1.13204     0.28331    -1.03542
     1.84774     0.31856    -1.12880     0.06750    -0.89867
     1.91574     0.37777    -1.21378     0.07896    -0.97808
     1.98274     0.41342    -0.95856     0.08679    -0.65906
     2.05074     0.39420    -1.14970     0.08403    -0.69934
     2.11774     0.36943    -0.77990     0.08008    -0.49003
     2.18474     0.54375    -0.94437     0.11463    -0.61228
     2.25274     0.91717    -0.98850     0.18512    -0.68761
     2.31974     0.49716    -1.25760     0.10013    -0.85430
     2.38674     0.29514    -1.16615     0.05778    -0.86046
     2.45474     0.52614    -0.98635     0.09426    -0.69392
     2.52174     0.48538    -0.74718     0.10326    -0.47979
     2.58974     0.42505    -0.48404     0.08782    -0.27962
     2.65674     0.44629    -0.51415     0.08827    -0.31278
     2.72374     0.33857    -0.49163     0.06890    -0.32141
     2.79174     0.31254    -0.78438     0.06228    -0.50381
     2.85874     0.34710    -0.23734     0.06919    -0.17362
     2.92574     0.53449    -0.40497     0.10619    -0.28389
     2.99374     0.49979    -0.63472     0.09698    -0.39281
     3.06074     0.99659    -0.76332     0.21899    -0.44060
     3.12774     0.70276    -0.73299     0.15503    -0.41254
     3.19574     0.80281    -0.59455     0.17219    -0.34238
     3.26274     0.51306    -0.54923     0.11293    -0.31869
     3.33074     0.25548    -0.39951     0.05392    -0.21907
     3.39774     0.29134    -0.42516     0.06131    -0.21668
     3.46474     0.37129    -0.47982     0.07750    -0.23774
     3.53274     0.25110    -0.80687     0.05275    -0.36891
     3.59974     0.26421    -1.18041     0.05599    -0.51080
     3.66674     0.30519    -0.94057     0.06461    -0.43524
     3.73474     0.32537    -1.40525     0.06975    -0.72126
     3.80174     0.61672    -0.68960     0.13201    -0.42596
     3.86974     0.17603    -0.33581     0.04005    -0.17759
     3.93674     0.32333    -0.37894     0.07014    -0.20397
     4.00374     0.10467    -0.28208     0.02449    -0.13057
     4.07174     1.22722    -0.28822     0.21322    -0.12618
     4.13874     0.64504    -0.35386     0.12812    -0.15369
     4.20574     0.49385    -0.41121     0.11043    -0.17080
     4.27374     0.41059    -0.58732     0.09176    -0.21897
     4.34074     0.36035    -0.28598     0.08014    -0.12146
     4.40774     0.15321    -0.32894     0.03739    -0.14329
     4.47574     1.52828    -0.24701     0.31857    -0.11027
     4.54274     0.03537    -0.95996     0.00996    -0.52492
     4.61074     0.37620    -0.64480     0.10363    -0.31525
     4.67774     0.12300    -0.50466     0.03407    -0.22464
     4.74474     0.12039    -0.46905     0.03297    -0.18839
     4.81274     0.08051    -0.32601     0.02196    -0.13454
     4.87974     0.09009    -0.28059     0.02408    -0.09985
     4.94674     0.15084    -0.86747     0.03970    -0.31757
     5.01474     0.19804    -0.48890     0.05192    -0.20043
     5.08174     0.34512    -0.30562     0.08775    -0.13907
     5.14974     0.44535    -0.19585     0.10581    -0.10250
     5.21674     0.30591    -0.10141     0.07112    -0.05565
     5.28374     0.17567    -0.10505     0.04089    -0.05341
     5.35174     0.13833    -0.18029     0.03465    -0.08816
     5.41874     0.21573    -0.11180     0.05155    -0.04937
     5.48574     0.21865    -0.33836     0.05358    -0.14716
     5.55374     0.23017    -0.39230     0.06073    -0.14292
     5.62074     0.26763    -0.11542     0.07250    -0.04336
     5.68774     0.23981    -0.21432     0.06528    -0.07900
     5.75574     0.21832    -0.20308     0.05803    -0.07875
     5.82274     0.20093    -0.21995     0.05409    -0.07860
     5.89074     0.42750    -0.31599     0.10854    -0.11603
     5.95774     0.29672    -0.20622     0.07782    -0.08093
     6.02474     0.24747    -0.20820     0.06686    -0.08440
     6.09274     0.52626    -0.29819     0.13169    -0.11446
     6.15974     0.51246    -0.25614     0.13089    -0.09619
     6.22674     0.34609    -0.24865     0.09082    -0.09136
     6.29474     0.38898    -0.26504     0.10447    -0.09793
     6.36174     0.34667    -0.26148     0.09570    -0.08994
     6.42974     0.64264    -0.25404     0.18173    -0.08917
     6.49674     0.49834    -0.18139     0.12798    -0.06689
     6.56374     0.88908    -0.12339     0.24209    -0.04908
     6.63174     0.69326    -0.17441     0.19213    -0.06788
     6.69874     0.60452    -0.59449     0.18163    -0.24717
     6.76574     0.48281    -1.27092     0.13214    -0.41828
     6.83374     0.38256    -0.87685     0.10097    -0.26990
     6.90074     0.38399    -0.66826     0.10642    -0.27428
     6.96774     0.63462    -0.78859     0.18100    -0.23495
     7.03574     0.37118    -1.26517     0.10595    -0.48403
     7.10274     0.20490    -0.68717     0.05656    -0.26639
     7.17074     0.15109    -0.64494     0.04209    -0.23601
     7.23774     0.07021    -0.54542     0.02159    -0.18655
     7.30474     0.01859    -0.34785     0.00619    -0.12436
     7.37274     0.00504    -0.37165     0.00169    -0.12893
     7.43974     0.00010    -0.33249     0.00003    -0.11154
     7.50674     0.00000    -0.12594     0.00000    -0.04211
     7.57474     0.00000    -0.06151     0.00000    -0.01995
     7.64174     0.00000    -0.01902     0.00000    -0.00558
     7.70974     0.00000    -0.00132     0.00000    -0.00031
     7.77674     0.00000     0.00000     0.00000     0.00000
     7.84374     0.00000     0.00000     0.00000     0.00000
     7.91174     0.00000     0.00000     0.00000     0.00000
     7.97874     0.00000     0.00000     0.00000     0.00000
     8.04574     0.00000     0.00000     0.00000     0.00000
     8.11374     0.00000     0.00000     0.00000     0.00000
     8.18074     0.00000     0.00000     0.00000     0.00000
     8.24774     0.00000     0.00000     0.00000     0.00000
     8.31574     0.00000     0.00000     0.00000     0.00000
     8.38274     0.00000     0.00000     0.00000     0.00000
     8.45074     0.00000     0.00000     0.00000     0.00000
     8.51774     0.00000     0.00000     0.00000     0.00000
     8.58474     0.00000     0.00000     0.00000     0.00000
     8.65274     0.00000     0.00000     0.00000     0.00000
     8.71974     0.00000     0.00000     0.00000     0.00000
     8.78674     0.00000     0.00000     0.00000     0.00000
     8.85474     0.00000     0.00000     0.00000     0.00000
     8.92174     0.00000     0.00000     0.00000     0.00000
     8.98974     0.00000     0.00000     0.00000     0.00000
     9.05674     0.00000     0.00000     0.00000     0.00000
     9.12374     0.00000     0.00000     0.00000     0.00000
     9.19174     0.00000     0.00000     0.00000     0.00000
     9.25874     0.00000     0.00000     0.00000     0.00000
     9.32574     0.00000     0.00000     0.00000     0.00000
     9.39374     0.00000     0.00000     0.00000     0.00000
     9.46074     0.00000     0.00000     0.00000     0.00000
     9.52774     0.00000     0.00000     0.00000     0.00000
     9.59574     0.00000     0.00000     0.00000     0.00000
     9.66274     0.00000     0.00000     0.00000     0.00000
     9.73074     0.00000     0.00000     0.00000     0.00000
