     #Energy up_2&6&10&1 dw_2&6&10&1
   -10.64376     0.00000     0.00000
   -10.55776     0.00000     0.00000
   -10.47076     0.00000     0.00000
   -10.38476     0.00000     0.00000
   -10.29876     0.00000     0.00000
   -10.21176     0.00000     0.00000
   -10.12576     0.00000     0.00000
   -10.03976     0.00000     0.00000
    -9.95376     0.00000     0.00000
    -9.86676     0.00000     0.00000
    -9.78076     0.00000     0.00000
    -9.69476     0.00000     0.00000
    -9.60776     0.00000     0.00000
    -9.52176     0.00000     0.00000
    -9.43576     0.00000     0.00000
    -9.34976     0.00000     0.00000
    -9.26276     0.00000     0.00000
    -9.17676     0.00000     0.00000
    -9.09076     0.00000     0.00000
    -9.00476     0.00000     0.00000
    -8.91776     0.00000     0.00000
    -8.83176     0.00000     0.00000
    -8.74576     0.00000     0.00000
    -8.65876     0.00000     0.00000
    -8.57276     0.00013    -0.00027
    -8.48676     0.00058    -0.00073
    -8.40076     0.00103    -0.00106
    -8.31376     0.00142    -0.00141
    -8.22776     0.00183    -0.00411
    -8.14176     0.00261    -0.00098
    -8.05576     0.00039    -0.00079
    -7.96876     0.00173    -0.00198
    -7.88276     0.00317    -0.00324
    -7.79676     0.00470    -0.00459
    -7.70976     0.00633    -0.00585
    -7.62376     0.00793    -0.00738
    -7.53776     0.00976    -0.00896
    -7.45176     0.01131    -0.00966
    -7.36476     0.01047    -0.00888
    -7.27876     0.00957    -0.00805
    -7.19276     0.00863    -0.00717
    -7.10676     0.00885    -0.00857
    -7.01976     0.02055    -0.02087
    -6.93376     0.05808    -0.04535
    -6.84776     0.04099    -0.03032
    -6.76076     0.01957    -0.01516
    -6.67476     0.01358    -0.01089
    -6.58876     0.02142    -0.01741
    -6.50276     0.03390    -0.02554
    -6.41576     0.04720    -0.03399
    -6.32976     0.06131    -0.02900
    -6.24376     0.09972    -0.08415
    -6.15676     0.15396    -0.12614
    -6.07076     0.04044    -0.03865
    -5.98476     0.02848    -0.02693
    -5.89876     0.01648    -0.01535
    -5.81176     0.00444    -0.00391
    -5.72576     0.09476    -0.07716
    -5.63976     0.20508    -0.15255
    -5.55376     0.22051    -0.15855
    -5.46676     0.19095    -0.20356
    -5.38076     0.47675    -0.23017
    -5.29476     0.23736    -0.28767
    -5.20776     0.17326    -0.12387
    -5.12176     0.75118    -0.08163
    -5.03576     0.10934    -0.63389
    -4.94976     0.33239    -0.01562
    -4.86276     0.63102    -0.12998
    -4.77676     1.02386    -0.33024
    -4.69076     1.04591    -0.40244
    -4.60476     4.85534    -0.55381
    -4.51776     1.41426    -1.24139
    -4.43176     1.43926    -0.82564
    -4.34576     2.34166    -0.88625
    -4.25876     1.96123    -0.70386
    -4.17276     0.92484    -3.25658
    -4.08676     2.32002    -2.80763
    -4.00076     4.49862    -1.00273
    -3.91376     5.72215    -1.37937
    -3.82776    10.33350    -1.56337
    -3.74176     2.86406    -3.76172
    -3.65576     5.33730    -3.48514
    -3.56876     0.79034    -2.53969
    -3.48276     8.28502    -1.88693
    -3.39676    10.94162    -4.74869
    -3.30976     3.07583    -4.69976
    -3.22376    11.61510    -5.62307
    -3.13776     6.27487    -8.49946
    -3.05176     2.67456    -2.48035
    -2.96476    14.70441    -7.18129
    -2.87876     6.26012   -17.77820
    -2.79276     3.59381   -22.44280
    -2.70576    28.67560    -3.76338
    -2.61976    24.93100   -13.91482
    -2.53376    10.85440    -7.38110
    -2.44776    14.88051    -5.28854
    -2.36076     2.32618    -7.53868
    -2.27476    18.17000   -28.06198
    -2.18876    36.25070    -4.14790
    -2.10276     2.33458   -12.96870
    -2.01576    22.52460    -5.10066
    -1.92976    26.31993   -17.36940
    -1.84376    14.67170   -11.09351
    -1.75676    18.32438    -7.49514
    -1.67076    21.14429   -37.55640
    -1.58476    26.02856   -42.89550
    -1.49876    18.31900   -27.75570
    -1.41176    14.36994   -44.27510
    -1.32576     7.59329   -49.03350
    -1.23976    15.63924   -14.89724
    -1.15376    27.62010   -18.93130
    -1.06676    38.91460    -9.41660
    -0.98076    18.61263    -1.43649
    -0.89476    42.27800   -45.18680
    -0.80776    38.63750    -3.24613
    -0.72176     7.72799   -28.12260
    -0.63576    35.87140   -12.66146
    -0.54976    17.12915   -15.66286
    -0.46276    14.64713   -20.11460
    -0.37676     4.32672   -11.39462
    -0.29076     2.44527   -53.71290
    -0.20476     2.33717   -23.91970
    -0.11776     2.18328   -34.53770
    -0.03176     3.12785   -18.42300
     0.05424     1.78887   -33.24447
     0.14124     2.27800   -50.01510
     0.22724     1.19634    -9.55210
     0.31324     0.92407   -21.47500
     0.39924     1.11355    -6.22623
     0.48624     1.22458    -2.33623
     0.57224     1.86532    -1.48509
     0.65824     1.26820    -2.03992
     0.74424     1.34443    -2.11773
     0.83124     1.20791    -1.55051
     0.91724     2.94486    -0.54306
     1.00324     1.62546    -1.49104
     1.09024     0.41902    -3.13227
     1.17624     0.24858    -1.86614
     1.26224     0.28485    -1.46905
     1.34824     0.33456    -2.43031
     1.43524     0.28892    -1.99283
     1.52124     0.28077    -1.20501
     1.60724     0.71634    -0.64543
     1.69424     4.84828    -0.37896
     1.78024     1.48469    -0.34054
     1.86624     2.12303    -0.30343
     1.95224     0.39514    -1.47198
     2.03924     0.52844    -2.67200
     2.12524     0.49486    -2.03223
     2.21124     0.36147    -0.42510
     2.29724     0.80526    -0.60081
     2.38424     0.57348    -0.57035
     2.47024     0.92686    -0.53947
     2.55624     0.54922    -0.39636
     2.64324     0.47335    -1.47426
     2.72924     0.47252    -0.60954
     2.81524     0.42448    -0.91941
     2.90124     0.35909    -0.84036
     2.98824     0.53592    -0.55818
     3.07424     0.45075    -0.39867
     3.16024     1.20346    -0.44621
     3.24624     0.85233    -0.80726
     3.33324     0.76903    -0.90245
     3.41924     0.34953    -1.04700
     3.50524     0.50131    -1.45660
     3.59224     0.29398    -0.90816
     3.67824     0.31731    -0.61784
     3.76424     0.47716    -0.44042
     3.85024     0.41801    -0.36189
     3.93724     0.20013    -0.53343
     4.02324     0.29984    -0.49237
     4.10924     0.11826    -0.28390
     4.19524     0.15936    -0.25003
     4.28224     0.63586    -0.12074
     4.36824     0.53090    -0.16495
     4.45424     0.45210    -0.93250
     4.54124     0.03051    -0.68400
     4.62724     0.00005    -0.51414
     4.71324     0.20274    -0.41772
     4.79924     0.10152    -1.36426
     4.88624     0.06100    -0.01240
     4.97224     0.07901    -0.23903
     5.05824     0.04446    -0.15228
     5.14524     0.26359    -0.08844
     5.23124     0.69374    -0.20209
     5.31724     0.42948    -0.22895
     5.40324     0.24068    -0.56954
     5.49024     0.20307    -0.54585
     5.57624     0.26459    -0.32832
     5.66224     0.28633    -0.30243
     5.74824     0.30503    -0.29733
     5.83524     0.31354    -0.29554
     5.92124     0.38258    -0.32693
     6.00724     0.36725    -0.32661
     6.09424     0.56286    -0.22619
     6.18024     0.39233    -0.26708
     6.26624     0.36633    -0.32747
     6.35224     0.42975    -0.47056
     6.43924     0.38110    -0.36734
     6.52524     0.48785    -0.56946
     6.61124     0.53113    -0.46866
     6.69724     0.82979    -0.40215
     6.78424     0.49747    -0.58040
     6.87024     0.76732    -1.07339
     6.95624     0.73770    -0.64191
     7.04324     0.59878    -0.60146
     7.12924     0.65054    -0.82625
     7.21524     0.42611    -0.58608
     7.30124     0.38325    -0.79325
     7.38824     0.34084    -0.48088
     7.47424     0.29076    -0.47985
     7.56024     0.24765    -0.51047
     7.64624     0.22704    -0.34081
     7.73324     0.19592    -0.29442
     7.81924     0.17774    -0.26777
     7.90524     0.18300    -0.27491
     7.99224     0.13794    -0.19530
     8.07824     0.11090    -0.17309
     8.16424     0.09437    -0.12712
     8.25024     0.08230    -0.10525
     8.33724     0.06931    -0.08759
     8.42324     0.05980    -0.07160
     8.50924     0.05033    -0.06153
     8.59624     0.04041    -0.05141
     8.68224     0.03189    -0.04073
     8.76824     0.02803    -0.03198
     8.85424     0.02485    -0.02862
     8.94124     0.02232    -0.02638
     9.02724     0.02030    -0.02428
     9.11324     0.01874    -0.02233
     9.19924     0.01750    -0.02052
     9.28624     0.01630    -0.01886
     9.37224     0.01514    -0.01735
     9.45824     0.01402    -0.01598
     9.54524     0.01278    -0.01475
     9.63124     0.01131    -0.01368
     9.71724     0.00960    -0.01274
     9.80324     0.00767    -0.01188
     9.89024     0.00547    -0.01104
     9.97624     0.00406    -0.01022
    10.06224     0.00382    -0.00941
    10.14824     0.00361    -0.00861
    10.23524     0.00341    -0.00782
    10.32124     0.00321    -0.00708
    10.40724     0.00301    -0.00645
    10.49424     0.00281    -0.00593
    10.58024     0.00261    -0.00551
    10.66624     0.00241    -0.00519
    10.75224     0.00221    -0.00496
    10.83924     0.00200    -0.00477
    10.92524     0.00180    -0.00457
    11.01124     0.00160    -0.00437
    11.09724     0.00140    -0.00417
    11.18424     0.00122    -0.00396
    11.27024     0.00105    -0.00375
    11.35624     0.00089    -0.00353
    11.44324     0.00075    -0.00332
    11.52924     0.00062    -0.00312
    11.61524     0.00050    -0.00291
    11.70124     0.00039    -0.00270
    11.78824     0.00030    -0.00250
    11.87424     0.00022    -0.00230
    11.96024     0.00015    -0.00210
    12.04624     0.00009    -0.00190
    12.13324     0.00005    -0.00170
    12.21924     0.00002    -0.00150
    12.30524     0.00000    -0.00131
    12.39224     0.00000    -0.00111
    12.47824     0.00000    -0.00092
    12.56424     0.00000    -0.00073
    12.65024     0.00000    -0.00056
    12.73724     0.00000    -0.00041
    12.82324     0.00000    -0.00028
    12.90924     0.00000    -0.00017
    12.99624     0.00000    -0.00010
    13.08224     0.00000    -0.00004
    13.16824     0.00000    -0.00001
    13.25424     0.00000     0.00000
    13.34124     0.00000     0.00000
    13.42724     0.00000     0.00000
    13.51324     0.00000     0.00000
    13.59924     0.00000     0.00000
    13.68624     0.00000     0.00000
    13.77224     0.00000     0.00000
    13.85824     0.00000     0.00000
    13.94524     0.00000     0.00000
    14.03124     0.00000     0.00000
    14.11724     0.00000     0.00000
    14.20324     0.00000     0.00000
    14.29024     0.00000     0.00000
    14.37624     0.00000     0.00000
    14.46224     0.00000     0.00000
    14.54824     0.00000     0.00000
    14.63524     0.00000     0.00000
    14.72124     0.00000     0.00000
    14.80724     0.00000     0.00000
    14.89424     0.00000     0.00000
    14.98024     0.00000     0.00000
    15.06624     0.00000     0.00000
    15.15224     0.00000     0.00000
    15.23924     0.00000     0.00000
