# Atom ID       d-Band-Center (UP)       d-Band-Center (DOWN)       d-Band-Center (Average)   (in eV)
    Ni1:            -1.8504                  -1.2176                    -1.5367
    Ni2:            -1.8711                  -1.2312                    -1.5526
    Ni3:            -1.9844                  -1.3023                    -1.6470
    Ni4:            -1.9832                  -1.2945                    -1.6393
    Ni5:            -1.9382                  -1.2702                    -1.6052
    Ni6:            -1.9085                  -1.2552                    -1.5851
    Ni7:            -1.9656                  -1.3006                    -1.6370
    Ni8:            -2.0169                  -1.3083                    -1.6666
    Ni9:            -1.9897                  -1.3053                    -1.6480
   Ni10:            -1.9455                  -1.2732                    -1.6073
   Ni11:            -2.0149                  -1.3258                    -1.6744
   Ni12:            -2.0354                  -1.3210                    -1.6822
   Ni13:            -1.9975                  -1.3021                    -1.6510
   Ni14:            -1.9421                  -1.2792                    -1.6104
   Ni15:            -1.9113                  -1.2743                    -1.5931
   Ni16:            -1.9928                  -1.2943                    -1.6439
   Ni17:            -1.9726                  -1.2881                    -1.6324
   Ni18:            -1.8861                  -1.2425                    -1.5662
   Ni19:            -1.8283                  -1.2336                    -1.5329
   Ni20:            -1.9665                  -1.3018                    -1.6389
   Ni21:            -1.9241                  -1.2495                    -1.5870
   Ni22:            -1.9583                  -1.2731                    -1.6183
   Ni23:            -1.9946                  -1.3078                    -1.6521
   Ni24:            -1.9911                  -1.2897                    -1.6413
   Ni25:            -2.0150                  -1.3024                    -1.6572
   Ni26:            -1.9730                  -1.2962                    -1.6364
   Ni27:            -1.9605                  -1.2870                    -1.6252
   Ni28:            -1.9345                  -1.2772                    -1.6067
   Ni29:            -1.9066                  -1.2561                    -1.5847
   Ni30:            -1.9919                  -1.3132                    -1.6550
   Ni31:            -1.9503                  -1.2823                    -1.6188
   Ni32:            -1.9260                  -1.2743                    -1.5991
   Ni33:            -1.9393                  -1.2852                    -1.6162
   Ni34:            -1.9261                  -1.2375                    -1.5829
   Ni35:            -1.8817                  -1.2566                    -1.5744
   Ni36:            -1.9201                  -1.2491                    -1.5848
   Ni37:            -1.9393                  -1.2632                    -1.6042
   Ni38:            -1.8841                  -1.2319                    -1.5594
   Ni39:            -1.9527                  -1.2678                    -1.6080
   Ni40:            -1.8140                  -1.1922                    -1.5033
   Ni41:            -1.9095                  -1.2250                    -1.5671
   Ni42:            -1.8851                  -1.2472                    -1.5678
   Ni43:            -1.9655                  -1.2910                    -1.6306
   Ni44:            -1.9117                  -1.2454                    -1.5843
   Ni45:            -1.9415                  -1.2673                    -1.6055
   Ni46:            -1.9408                  -1.2658                    -1.6052
   Ni47:            -1.9637                  -1.2724                    -1.6188
   Ni48:            -1.9259                  -1.2583                    -1.5941
   Ni49:            -1.8296                  -1.2176                    -1.5245
   Ni50:            -1.9806                  -1.2913                    -1.6385
   Ni51:            -1.9119                  -1.2543                    -1.5818
   Ni52:            -1.8561                  -1.2083                    -1.5324
   Ni53:            -1.9694                  -1.2861                    -1.6319
   Ni54:            -1.9950                  -1.3096                    -1.6560
   Ni55:            -1.9167                  -1.2765                    -1.5999
   Ni56:            -1.9608                  -1.2769                    -1.6199
   Ni57:            -1.9335                  -1.2730                    -1.6090
   Ni58:            -1.8516                  -1.2168                    -1.5360
   Ni59:            -1.8793                  -1.2124                    -1.5468
   Ni60:            -1.9433                  -1.2667                    -1.6085
   Ni61:            -1.9344                  -1.2715                    -1.6075
   Ni62:            -1.9135                  -1.2401                    -1.5810
   Ni63:            -1.9287                  -1.2633                    -1.5948
   Ni64:            -1.9728                  -1.3095                    -1.6430
   Ni65:            -1.9194                  -1.2409                    -1.5828
   Ni66:            -2.0237                  -1.3109                    -1.6688
   Ni67:            -1.8917                  -1.2564                    -1.5755
   Ni68:            -1.9123                  -1.2858                    -1.6014
   Ni69:            -1.9490                  -1.2921                    -1.6250
   Ni70:            -1.9748                  -1.2887                    -1.6311
   Ni71:            -2.0117                  -1.2962                    -1.6583
   Ni72:            -1.9647                  -1.2841                    -1.6268
   Ni73:            -1.8853                  -1.2417                    -1.5658
   Ni74:            -1.9493                  -1.2844                    -1.6208
   Ni75:            -1.8977                  -1.2496                    -1.5742
   Ni76:            -1.8412                  -1.2297                    -1.5370
   Ni77:            -1.9274                  -1.2716                    -1.6034
   Ni78:            -1.8846                  -1.2744                    -1.5834
   Ni79:            -1.9769                  -1.2738                    -1.6277
   Ni80:            -1.9412                  -1.2845                    -1.6173
   Ni81:            -1.9443                  -1.2741                    -1.6110
    Fe1:            -2.4035                   0.0848                    -1.2134
    Fe2:            -2.4875                   0.0142                    -1.3148
    Fe3:            -2.4705                   0.0366                    -1.2867
    Fe4:            -2.3571                   0.1015                    -1.1897
    Fe5:            -2.2919                   0.1395                    -1.1268
    Fe6:            -2.3146                   0.1419                    -1.1382
    Fe7:            -2.2328                   0.1743                    -1.0827
    Fe8:            -2.1425                   0.2420                    -0.9944
    Fe9:            -2.3401                   0.1029                    -1.1689
   Fe10:            -2.2724                   0.1180                    -1.1446
   Fe11:            -2.3555                   0.1069                    -1.1832
   Fe12:            -2.3885                   0.1032                    -1.2147
   Fe13:            -2.3690                   0.1106                    -1.1936
   Fe14:            -2.1983                   0.2050                    -1.0403
   Fe15:            -2.1923                   0.1978                    -1.0517
   Fe16:            -2.2837                   0.1634                    -1.1136
   Fe17:            -2.4212                   0.0567                    -1.2544
   Fe18:            -2.5188                  -0.0186                    -1.3574
   Fe19:            -2.3158                   0.1175                    -1.1572
   Fe20:            -2.5185                  -0.0102                    -1.3374
   Fe21:            -2.4129                   0.0486                    -1.2581
   Fe22:            -2.4900                   0.0243                    -1.3041
   Fe23:            -2.4446                   0.0973                    -1.2128
   Fe24:            -2.4959                   0.0129                    -1.3135
   Fe25:            -2.4944                   0.0153                    -1.3064
   Fe26:            -2.4265                   0.0614                    -1.2504
   Fe27:            -2.5176                   0.0120                    -1.3203
  Total:            -2.0462                  -0.9541                    -1.5092


Notice:
The energy window of integration is [-10.00 5.00].
The calculated d-band-center presented here are referenced to Fermi level, i.e., E_F=0 eV.
