# Atom ID       d-Band-Center (UP)       d-Band-Center (DOWN)       d-Band-Center (Average)   (in eV)
    Fe1:            -2.0943                   0.2910                    -0.9242
    Fe2:            -2.1479                   0.2844                    -0.9511
    Fe3:            -2.2014                   0.2380                    -1.0064
    Fe4:            -2.0212                   0.3428                    -0.8517
    Fe5:            -2.1462                   0.2684                    -0.9631
    Fe6:            -2.0363                   0.3560                    -0.8594
    Fe7:            -2.4192                   0.1159                    -1.1883
    Fe8:            -2.2714                   0.2190                    -1.0498
    Fe9:            -2.2678                   0.2109                    -1.0563
   Fe10:            -2.2282                   0.2488                    -1.0173
   Fe11:            -2.2146                   0.2436                    -1.0056
   Fe12:            -2.0774                   0.2836                    -0.9209
   Fe13:            -2.1443                   0.2887                    -0.9564
   Fe14:            -2.2521                   0.1995                    -1.0529
   Fe15:            -2.0813                   0.3135                    -0.9019
   Fe16:            -2.1265                   0.2733                    -0.9490
   Fe17:            -2.0627                   0.3073                    -0.8940
   Fe18:            -2.0978                   0.2912                    -0.9254
   Fe19:            -2.0329                   0.3589                    -0.8572
   Fe20:            -2.2113                   0.2496                    -1.0111
   Fe21:            -2.1881                   0.2304                    -1.0108
   Fe22:            -2.2088                   0.2465                    -1.0097
   Fe23:            -2.2693                   0.2195                    -1.0472
   Fe24:            -2.1038                   0.2904                    -0.9303
   Fe25:            -2.2371                   0.2236                    -1.0418
   Fe26:            -2.3578                   0.1626                    -1.1224
   Fe27:            -2.2480                   0.2158                    -1.0332
   Fe28:            -2.0047                   0.3237                    -0.8560
   Fe29:            -2.1225                   0.2709                    -0.9403
   Fe30:            -2.0667                   0.2938                    -0.8978
   Fe31:            -1.9835                   0.3401                    -0.8389
   Fe32:            -2.1860                   0.2604                    -0.9854
   Fe33:            -2.0880                   0.2970                    -0.9188
   Fe34:            -2.0968                   0.2918                    -0.9250
   Fe35:            -2.3431                   0.1773                    -1.1054
   Fe36:            -2.1513                   0.2794                    -0.9624
   Fe37:            -2.1642                   0.2664                    -0.9678
   Fe38:            -2.1595                   0.2887                    -0.9653
   Fe39:            -2.0715                   0.3378                    -0.8841
   Fe40:            -2.1255                   0.2704                    -0.9395
   Fe41:            -2.0855                   0.3021                    -0.9111
   Fe42:            -2.0541                   0.3243                    -0.8904
   Fe43:            -2.0498                   0.3318                    -0.8874
   Fe44:            -2.1932                   0.2471                    -0.9875
   Fe45:            -2.2898                   0.2172                    -1.0619
   Fe46:            -2.2771                   0.1977                    -1.0687
   Fe47:            -2.1524                   0.2641                    -0.9614
   Fe48:            -2.1780                   0.2786                    -0.9684
   Fe49:            -2.0388                   0.3423                    -0.8657
   Fe50:            -2.0087                   0.3525                    -0.8444
   Fe51:            -1.9775                   0.3443                    -0.8335
   Fe52:            -2.1301                   0.2772                    -0.9435
   Fe53:            -2.0415                   0.3282                    -0.8856
   Fe54:            -2.1104                   0.2960                    -0.9270
    Ni1:            -1.9905                  -1.2849                    -1.6384
    Ni2:            -1.9286                  -1.2413                    -1.5866
    Ni3:            -1.9681                  -1.2525                    -1.6067
    Ni4:            -1.9504                  -1.2586                    -1.6049
    Ni5:            -1.9736                  -1.2691                    -1.6239
    Ni6:            -1.9951                  -1.2764                    -1.6368
    Ni7:            -2.0312                  -1.3001                    -1.6661
    Ni8:            -1.9625                  -1.2858                    -1.6235
    Ni9:            -1.9690                  -1.2701                    -1.6188
   Ni10:            -1.8879                  -1.2583                    -1.5747
   Ni11:            -1.9721                  -1.2736                    -1.6235
   Ni12:            -1.8969                  -1.2481                    -1.5729
   Ni13:            -1.8628                  -1.2705                    -1.5678
   Ni14:            -1.8549                  -1.2335                    -1.5421
   Ni15:            -1.9226                  -1.2723                    -1.5966
   Ni16:            -1.8825                  -1.2217                    -1.5507
   Ni17:            -1.9158                  -1.2740                    -1.5955
   Ni18:            -2.0698                  -1.3313                    -1.7018
   Ni19:            -1.9330                  -1.2530                    -1.5923
   Ni20:            -1.9374                  -1.2408                    -1.5895
   Ni21:            -2.0334                  -1.3151                    -1.6742
   Ni22:            -1.8685                  -1.2415                    -1.5568
   Ni23:            -1.8855                  -1.2200                    -1.5522
   Ni24:            -1.8436                  -1.2222                    -1.5352
   Ni25:            -1.9072                  -1.2607                    -1.5845
   Ni26:            -1.9189                  -1.2878                    -1.6037
   Ni27:            -1.9021                  -1.2344                    -1.5712
   Ni28:            -1.9840                  -1.2660                    -1.6241
   Ni29:            -2.0581                  -1.2980                    -1.6828
   Ni30:            -1.9306                  -1.2711                    -1.5987
   Ni31:            -1.9886                  -1.2786                    -1.6315
   Ni32:            -1.9315                  -1.2575                    -1.5960
   Ni33:            -1.9443                  -1.2815                    -1.6125
   Ni34:            -1.9644                  -1.2672                    -1.6141
   Ni35:            -1.9167                  -1.2246                    -1.5737
   Ni36:            -1.8538                  -1.2401                    -1.5478
   Ni37:            -1.8839                  -1.2515                    -1.5672
   Ni38:            -1.8883                  -1.2379                    -1.5648
   Ni39:            -1.9765                  -1.2579                    -1.6169
   Ni40:            -1.9881                  -1.2858                    -1.6362
   Ni41:            -1.9978                  -1.2709                    -1.6321
   Ni42:            -1.9656                  -1.2487                    -1.6076
   Ni43:            -1.9842                  -1.2769                    -1.6299
   Ni44:            -1.9644                  -1.2617                    -1.6140
   Ni45:            -1.9959                  -1.2780                    -1.6358
   Ni46:            -1.9428                  -1.2831                    -1.6159
   Ni47:            -1.9552                  -1.2701                    -1.6116
   Ni48:            -1.9557                  -1.2662                    -1.6109
   Ni49:            -1.9789                  -1.2742                    -1.6241
   Ni50:            -1.9512                  -1.2487                    -1.6011
   Ni51:            -1.8728                  -1.2280                    -1.5500
   Ni52:            -1.9257                  -1.2571                    -1.5933
   Ni53:            -2.0328                  -1.2838                    -1.6593
   Ni54:            -1.9369                  -1.2689                    -1.6036
  Total:            -2.0451                  -0.5137                    -1.2866


Notice:
The energy window of integration is [-10.00 5.00].
The calculated d-band-center presented here are referenced to Fermi level, i.e., E_F=0 eV.
