# Atom ID       d-Band-Center (UP)       d-Band-Center (DOWN)       d-Band-Center (Average)   (in eV)
    Fe1:            -1.9156                   0.2867                    -0.8347
    Fe2:            -1.8751                   0.3207                    -0.8067
    Fe3:            -1.9964                   0.3691                    -0.8495
    Fe4:            -2.0146                   0.3988                    -0.8361
    Fe5:            -2.0804                   0.3812                    -0.8690
    Fe6:            -1.9583                   0.4035                    -0.8012
    Fe7:            -2.0038                   0.4014                    -0.8168
    Fe8:            -1.9143                   0.1835                    -0.8884
    Fe9:            -0.8719                  -0.8346                    -0.8533
   Fe10:            -0.4289                  -2.3677                    -1.4097
   Fe11:            -1.9604                   0.3167                    -0.8436
   Fe12:            -1.8832                   0.3392                    -0.8088
   Fe13:            -1.8913                   0.2653                    -0.8353
   Fe14:            -1.9277                   0.3505                    -0.8122
   Fe15:            -1.9245                   0.3869                    -0.7993
   Fe16:            -2.0122                   0.3984                    -0.8331
   Fe17:            -1.9952                   0.4204                    -0.8128
   Fe18:            -2.1055                   0.3400                    -0.9052
   Fe19:            -2.0780                   0.3877                    -0.8868
   Fe20:            -2.0733                   0.3637                    -0.8793
   Fe21:            -1.9677                   0.4094                    -0.8099
   Fe22:            -1.9919                   0.3773                    -0.8408
   Fe23:            -1.9153                   0.3518                    -0.8069
   Fe24:            -1.9217                   0.2178                    -0.8734
   Fe25:            -1.9595                   0.3564                    -0.8274
   Fe26:            -1.8507                   0.2416                    -0.8286
   Fe27:            -1.9529                   0.3451                    -0.8224
   Fe28:            -2.0719                   0.3359                    -0.9032
   Fe29:            -1.9624                   0.3836                    -0.8041
   Fe30:            -2.1040                   0.3033                    -0.9339
   Fe31:            -2.0025                   0.3530                    -0.8514
   Fe32:            -2.0104                   0.3841                    -0.8491
   Fe33:            -1.9740                   0.3821                    -0.8220
   Fe34:            -2.1368                   0.3117                    -0.9427
   Fe35:            -1.9642                   0.3709                    -0.8289
   Fe36:            -2.0179                   0.3926                    -0.8315
   Fe37:            -1.9467                   0.4085                    -0.7917
   Fe38:            -1.9797                   0.3978                    -0.8088
   Fe39:            -2.0067                   0.4060                    -0.8286
   Fe40:            -2.0966                   0.3356                    -0.9124
   Fe41:            -1.9743                   0.4154                    -0.8202
   Fe42:            -1.9361                   0.4305                    -0.7789
   Fe43:            -1.9465                   0.4149                    -0.7937
   Fe44:            -1.9352                   0.4049                    -0.7961
   Fe45:            -2.0282                   0.3654                    -0.8732
   Fe46:            -1.9053                   0.3802                    -0.7809
   Fe47:            -2.0163                   0.3577                    -0.8680
   Fe48:            -1.9820                   0.3599                    -0.8322
   Fe49:            -2.1038                   0.3328                    -0.9226
   Fe50:            -2.0265                   0.3388                    -0.8757
   Fe51:            -2.0718                   0.3303                    -0.8919
   Fe52:            -2.0277                   0.3749                    -0.8450
   Fe53:            -1.9284                   0.4314                    -0.7814
   Fe54:            -2.0275                   0.3698                    -0.8504
   Fe55:            -1.9641                   0.4236                    -0.8033
   Fe56:            -2.0866                   0.3466                    -0.9060
   Fe57:            -1.9914                   0.4064                    -0.8262
   Fe58:            -1.9853                   0.4156                    -0.8194
   Fe59:            -2.0262                   0.3669                    -0.8663
   Fe60:            -2.0073                   0.3925                    -0.8414
   Fe61:            -1.9034                   0.3974                    -0.7766
   Fe62:            -2.0318                   0.3546                    -0.8673
   Fe63:            -1.9357                   0.3347                    -0.8429
   Fe64:            -1.8308                   0.1771                    -0.8486
   Fe65:            -1.9562                   0.3212                    -0.8504
   Fe66:            -1.9851                   0.3492                    -0.8449
   Fe67:            -1.9474                   0.4512                    -0.7711
   Fe68:            -1.9706                   0.4177                    -0.8077
   Fe69:            -1.9686                   0.4133                    -0.7987
   Fe70:            -2.0278                   0.3634                    -0.8735
   Fe71:            -1.9605                   0.3832                    -0.8131
   Fe72:            -1.9869                   0.4064                    -0.8132
   Fe73:            -1.9705                   0.3981                    -0.8112
   Fe74:            -2.0435                   0.3335                    -0.8961
   Fe75:            -2.1071                   0.3122                    -0.9273
   Fe76:            -1.9685                   0.3212                    -0.8496
   Fe77:            -1.9570                   0.3232                    -0.8452
   Fe78:            -2.1010                   0.3228                    -0.9143
   Fe79:            -2.0576                   0.3193                    -0.8861
   Fe80:            -1.9840                   0.3907                    -0.8227
   Fe81:            -2.1084                   0.3215                    -0.9226
    Ni1:            -1.9958                  -1.3307                    -1.6668
    Ni2:            -1.9513                  -1.2036                    -1.5795
    Ni3:            -2.0064                  -1.2433                    -1.6296
    Ni4:            -2.0032                  -1.2504                    -1.6310
    Ni5:            -1.9729                  -1.2366                    -1.6103
    Ni6:            -1.9650                  -1.2316                    -1.6007
    Ni7:            -1.9604                  -1.2334                    -1.6008
    Ni8:            -2.0642                  -1.2939                    -1.6809
    Ni9:            -2.0040                  -1.2651                    -1.6376
   Ni10:            -1.9951                  -1.2503                    -1.6285
   Ni11:            -2.0054                  -1.2494                    -1.6312
   Ni12:            -2.0082                  -1.2393                    -1.6278
   Ni13:            -1.9711                  -1.2478                    -1.6063
   Ni14:            -1.9887                  -1.2483                    -1.6260
   Ni15:            -1.9316                  -1.2246                    -1.5827
   Ni16:            -2.0580                  -1.2730                    -1.6714
   Ni17:            -2.0249                  -1.2718                    -1.6544
   Ni18:            -2.0240                  -1.2442                    -1.6371
   Ni19:            -2.0034                  -1.2373                    -1.6261
   Ni20:            -1.9756                  -1.2570                    -1.6249
   Ni21:            -2.0189                  -1.2672                    -1.6514
   Ni22:            -2.0555                  -1.2626                    -1.6638
   Ni23:            -1.9889                  -1.2413                    -1.6221
   Ni24:            -2.0100                  -1.2476                    -1.6348
   Ni25:            -2.0315                  -1.2686                    -1.6557
   Ni26:            -1.9808                  -1.2542                    -1.6215
   Ni27:            -2.0626                  -1.2885                    -1.6756
  Total:            -1.9688                  -0.0930                    -1.0499


Notice:
The energy window of integration is [-10.00 5.00].
The calculated d-band-center presented here are referenced to Fermi level, i.e., E_F=0 eV.
